Epochs/Epoch_1.ecsv
# %ECSV 1.0
# ---
# datatype:
# - {name: RA, datatype: string}
# - {name: DEC, datatype: string}
# - {name: peak1, datatype: float64}
# - {name: peak2, datatype: float64}
# - {name: peak3, datatype: float64}
# - {name: peak4, datatype: float64}
# - {name: peak5, datatype: float64}
# meta: !!omap
# - comments: ['Aegean version $Revision: 760 $', 'on dataset: /home/kunal/projects/vla_cdfs_dfrail_sep2011/data/fits/flatn/PNT6_1.FLATN',
#     'isl,src   bkg       rms         RA           DEC         RA         err         DEC        err         Peak      err     S_int     err        a    err    b    err     pa   err   flags',
#     Jy/beam   Jy/beam                               deg        deg         deg        deg       Jy/beam   Jy/beam    Jy       Jy         ''    ''    ''    ''    deg   deg   NCPES,
#     ==========================================================================================================================================================================================]
# schema: astropy-2.0
RA DEC peak1 peak2 peak3 peak4 peak5
03:33:10.21 -27:48:41.97 0.01167 0.015306 0.004646 0.002874 0.004826
03:32:42.02 -27:38:18.75 0.005185 0.021394 0.017694 0.001333 0.004443
03:32:42.24 -27:38:16.71 0.000948 0.00384 0.003141 0.007464 0.00037
03:32:42.29 -27:38:18.52 0.000853 0.021394 0.017694 0.007464 0.003804
03:32:01.61 -27:46:47.27 0.005644 0.007162 0.011488 0.012703 0.000676
03:32:01.30 -27:46:47.64 0.005502 0.006937 0.011488 0.012331 0.003804
03:32:26.99 -27:41:07.16 0.002259 0.006024 0.006198 0.00013 0.009348
03:31:24.93 -27:52:07.84 0.00255 0.001429 0.004944 0.000578 0.008956
03:32:43.16 -27:38:13.13 0.002613 0.010876 0.00891 0.000429 0.000277
03:32:42.95 -27:38:15.84 0.000304 0.000642 0.000523 0.000419 0.001776
03:32:17.07 -27:58:46.18 0.001768 0.000372 0.000485 0.000292 0.00142
03:34:26.97 -27:44:03.03 0.001979 0.003653 0.003322 0.003905 0.00142
03:32:49.21 -27:40:50.45 0.001463 0.005696 0.000542 0.010495 0.00142
03:33:16.36 -27:47:24.84 0.001368 0.001551 0.001927 0.004028 0.001165
03:32:56.49 -27:58:48.26 0.001291 0.000248 0.00025 0.001251 0.002342
03:32:49.45 -27:42:35.27 0.001196 0.003723 0.002036 0.000227 0.007991
03:33:16.75 -27:56:30.35 0.001382 0.00027 0.000134 0.001364 0.001986
03:33:08.19 -27:50:33.09 0.001056 0.000614 0.000389 0.000979 0.002889
03:32:10.94 -27:44:14.97 0.000841 0.001338 0.000411 0.001801 0.001124
03:32:18.54 -27:54:11.88 0.000841 0.000407 0.000389 0.000738 0.000802
03:32:19.79 -27:54:01.26 0.000799 0.00034 0.001278 0.000663 0.000429
03:32:19.17 -27:54:07.44 0.000756 0.000348 0.001019 0.000576 0.000735
03:32:19.53 -27:54:04.51 0.000342 0.000194 0.000647 0.000283 0.000688
03:32:20.09 -27:54:01.38 0.000196 0.00034 0.000484 0.000283 0.000321
03:33:33.44 -27:53:32.60 0.000638 0.00029 "" 0.000663 0.000267
03:32:08.69 -27:47:34.14 0.000655 0.000894 "" 0.000514 0.000322
03:34:09.98 -27:52:13.02 0.000715 0.000372 "" 0.001234 0.001612
03:31:49.90 -27:48:38.67 0.000522 0.000507 "" 0.0015 0.000235
03:33:15.00 -27:51:51.01 0.000443 0.000431 "" 0.001166 0.000991
03:33:58.32 -27:48:48.30 0.000434 0.000321 "" 0.000611 0.000892
03:33:34.59 -27:47:50.90 0.000285 0.000278 "" 0.000362 0.000765
03:34:05.67 -27:46:34.77 0.000276 0.000371 "" 0.000352 0.000419
03:32:13.11 -27:43:50.51 0.000276 0.000515 "" "" 0.000419
03:32:18.03 -27:47:18.53 0.000265 0.000364 "" "" 0.000892
03:34:05.47 -27:46:38.53 0.00023 0.000284 "" "" 0.002137
03:33:13.11 -27:49:30.18 0.000275 0.00024 "" "" 0.001485
03:33:09.74 -27:48:01.45 0.000205 0.000218 "" "" 0.000331
"" "" "" "" "" "" 0.001069
"" "" "" "" "" "" 0.000205
"" "" "" "" "" "" 0.00023
"" "" "" "" "" "" 0.000359
"" "" "" "" "" "" 0.001674
"" "" "" "" "" "" 0.001086
"" "" "" "" "" "" 0.000361
"" "" "" "" "" "" 0.000217
"" "" "" "" "" "" 0.00026
"" "" "" "" "" "" 0.000328
"" "" "" "" "" "" 0.000503
"" "" "" "" "" "" 0.000316
