Epochs/Epoch_7.ecsv
# %ECSV 1.0
# ---
# datatype:
# - {name: RA, datatype: string}
# - {name: DEC, datatype: string}
# - {name: peak1, datatype: float64}
# - {name: peak2, datatype: float64}
# - {name: peak3, datatype: float64}
# - {name: peak4, datatype: float64}
# - {name: peak5, datatype: float64}
# - {name: peak6, datatype: float64}
# meta: !!omap
# - comments: ['Aegean version $Revision: 760 $', 'on dataset: /home/kunal/projects/vla_cdfs_dfrail_sep2011/data/fits/flatn/PNT1_7.FLATN',
#     'isl,src   bkg       rms         RA           DEC         RA         err         DEC        err         Peak      err     S_int     err        a    err    b    err     pa   err   flags',
#     Jy/beam   Jy/beam                               deg        deg         deg        deg       Jy/beam   Jy/beam    Jy       Jy         ''    ''    ''    ''    deg   deg   NCPES,
#     ==========================================================================================================================================================================================]
# schema: astropy-2.0
RA DEC peak1 peak2 peak3 peak4 peak5 peak6
03:33:10.20 -27:48:42.11 0.015517 0.015101 0.004303 0.002633 0.004499 0.011166
03:32:42.00 -27:38:19.12 0.012463 0.021158 0.016918 0.006797 0.003529 0.004777
03:32:42.22 -27:38:17.54 0.002166 0.003734 0.002984 0.000737 0.000665 0.000845
03:32:42.31 -27:38:16.04 0.000499 0.000939 0.000572 0.003702 0.001868 0.000346
03:34:26.96 -27:44:02.94 0.010711 0.003509 0.008434 0.012234 0.008932 0.001699
03:32:43.15 -27:38:13.33 0.006399 0.010793 0.000572 0.003753 0.002227 0.00095
03:32:42.76 -27:38:15.30 0.000494 0.000939 0.01117 0.00029 0.000837 0.002396
03:33:49.07 -27:38:37.84 0.004305 0.004671 0.006101 0.001329 0.000701 0.000346
03:32:01.46 -27:46:47.65 0.004307 0.007176 0.000415 0.000873 0.001097 0.005335
03:32:26.98 -27:41:07.34 0.003682 0.005926 0.003677 0.000547 0.000401 0.002104
03:32:27.27 -27:41:03.41 0.000378 0.000442 0.001755 0.000436 0.002342 0.001981
03:32:49.20 -27:40:50.60 0.00289 0.005587 0.000507 0.000426 0.001782 0.00403
03:32:49.44 -27:42:35.40 0.002188 0.002638 0.00027 0.00132 0.001422 0.000501
03:33:16.35 -27:47:24.95 0.002052 0.00149 0.002022 0.001037 0.004321 0.001164
03:34:09.97 -27:52:13.03 0.001322 0.000312 0.009121 0.001017 0.003815 0.003861
03:33:58.30 -27:48:48.44 0.001201 0.000359 0.002736 0.001017 0.002581 0.001769
03:33:08.18 -27:50:33.20 0.001267 0.000648 0.000431 0.001785 0.000966 0.003807
03:34:05.71 -27:46:34.25 0.00092 0.000419 0.00143 0.002475 0.000354 0.003009
03:34:05.46 -27:46:38.67 0.000595 0.000269 0.000304 0.001335 0.000326 0.001905
03:33:16.73 -27:56:30.46 0.000769 0.000296 0.000443 0.001034 0.001614 0.004642
03:32:10.93 -27:44:15.13 0.000931 0.001488 0.000426 0.00146 0.00067 0.003901
03:32:06.16 -27:32:36.10 0.00091 0.004399 0.000304 0.000275 0.002724 0.003441
03:32:11.66 -27:37:26.18 0.000819 0.0027 0.000572 0.000602 0.001387 0.003441
03:33:33.44 -27:53:32.60 0.000882 0.000275 0.000619 0.000677 0.001142 0.000601
03:32:56.49 -27:58:48.28 0.000701 0.000236 0.001031 0.000326 0.000864 0.000389
03:32:17.07 -27:58:46.45 0.000706 0.000338 "" 0.000784 0.000855 0.001091
03:32:08.69 -27:47:34.43 0.000638 0.00091 "" 0.000536 0.000396 0.000276
03:33:34.57 -27:47:51.17 0.000611 0.000343 "" 0.001462 0.000968 0.000526
03:32:19.15 -27:54:07.70 0.000513 0.000358 "" 0.012234 0.000356 0.000944
03:32:19.78 -27:54:01.42 0.000527 0.00038 "" "" 0.001111 0.000819
03:32:18.53 -27:54:12.28 0.000493 0.000368 "" "" 0.008932 0.000586
03:34:27.35 -27:44:01.05 0.000427 0.000273 "" "" 0.000414 0.001409
03:33:41.30 -27:38:08.56 0.000426 0.000413 "" "" "" 0.00247
03:33:55.41 -27:37:08.41 0.000433 0.000425 "" "" "" 0.000716
03:33:21.32 -27:41:38.58 0.000344 0.000292 "" "" "" 0.000799
03:32:41.73 -27:38:15.63 0.000353 0.000939 "" "" "" 0.000263
03:32:13.08 -27:43:50.64 0.000333 0.000448 "" "" "" 0.001537
03:31:49.89 -27:48:38.66 0.000333 0.000476 "" "" "" 0.000674
03:33:09.73 -27:48:01.77 0.000304 0.000251 "" "" "" 0.000695
03:33:16.11 -27:27:46.00 0.000284 0.000663 "" "" "" 0.00073
03:32:00.79 -27:46:47.01 0.0003 0.007176 "" "" "" 0.000322
03:34:26.57 -27:44:05.07 0.000284 0.000291 "" "" "" 0.00083
03:33:11.80 -27:41:38.73 0.000248 0.000287 "" "" "" 0.000382
03:33:25.85 -27:43:42.76 0.000233 0.000232 "" "" "" 0.000253
"" "" "" "" "" "" "" 0.000479
"" "" "" "" "" "" "" 0.000424
"" "" "" "" "" "" "" 0.005499
"" "" "" "" "" "" "" 0.00044
"" "" "" "" "" "" "" 0.000454
