Epochs/Epoch_4.ecsv
# %ECSV 1.0
# ---
# datatype:
# - {name: RA, datatype: string}
# - {name: DEC, datatype: string}
# - {name: peak1, datatype: float64}
# - {name: peak2, datatype: float64}
# - {name: peak3, datatype: float64}
# - {name: peak4, datatype: float64}
# - {name: peak5, datatype: float64}
# - {name: peak6, datatype: float64}
# meta: !!omap
# - comments: ['Aegean version $Revision: 760 $', 'on dataset: /home/kunal/projects/vla_cdfs_dfrail_sep2011/data/fits/flatn/PNT1_4.FLATN',
#     'isl,src   bkg       rms         RA           DEC         RA         err         DEC        err         Peak      err     S_int     err        a    err    b    err     pa   err   flags',
#     Jy/beam   Jy/beam                               deg        deg         deg        deg       Jy/beam   Jy/beam    Jy       Jy         ''    ''    ''    ''    deg   deg   NCPES,
#     ==========================================================================================================================================================================================]
# schema: astropy-2.0
RA DEC peak1 peak2 peak3 peak4 peak5 peak6
03:33:10.20 -27:48:42.11 0.022018 0.015429 0.004453 0.002772 0.004717 0.011397
03:32:42.01 -27:38:19.06 0.012548 0.021678 0.017224 0.007351 0.003637 0.005006
03:32:42.24 -27:38:17.54 0.002303 0.003941 0.003032 0.000888 0.000574 0.000827
03:32:42.46 -27:38:16.68 0.000482 0.003941 0.000892 0.000278 0.000574 0.000956
03:34:26.96 -27:44:03.00 0.011234 0.003768 0.008734 0.00393 0.001896 0.001829
03:32:43.15 -27:38:13.26 0.006523 0.011057 0.000892 0.000278 0.009125 0.001017
03:32:42.92 -27:38:16.05 0.000813 0.000678 0.011267 0.012748 0.002325 0.002544
03:33:49.07 -27:38:37.87 0.004436 0.004952 0.006006 0.003865 0.000894 0.000235
03:32:01.46 -27:46:47.61 0.004322 0.007241 0.002978 0.000266 0.000495 0.005347
03:32:26.98 -27:41:07.32 0.003736 0.006145 0.000493 0.001266 0.001074 0.002177
03:32:27.05 -27:41:03.21 0.000395 0.000421 0.001721 0.000912 0.000702 0.001305
03:32:49.21 -27:40:50.59 0.003048 0.006024 0.000292 0.000598 0.002332 0.004083
03:33:16.35 -27:47:24.96 0.002241 0.00153 0.011019 0.000452 0.001767 0.001851
03:32:49.44 -27:42:35.36 0.00214 0.00356 0.002112 0.000369 0.001455 0.002865
03:34:09.96 -27:52:13.09 0.001394 0.00032 0.002701 0.000369 0.001455 0.001204
03:33:08.18 -27:50:33.17 0.001315 0.000633 0.000533 0.00139 0.004377 0.003834
03:32:06.16 -27:32:36.07 0.001047 0.006166 0.000449 0.001106 0.00339 0.003062
03:33:16.74 -27:56:30.47 0.000839 0.000394 0.000423 0.001048 0.003272 0.002405
03:34:05.71 -27:46:34.24 0.000917 0.000355 0.00113 0.003215 0.00035 0.001955
03:34:05.46 -27:46:38.59 0.000677 0.000262 0.00032 0.000234 0.000393 0.004497
03:33:58.30 -27:48:48.43 0.000842 0.000426 0.000696 0.002399 0.00067 0.000656
03:33:33.43 -27:53:32.63 0.000795 0.000307 0.001004 0.001596 0.001699 0.001435
03:32:56.49 -27:58:48.33 0.000742 0.000259 0.000227 0.001246 0.002891 0.001029
03:32:10.93 -27:44:15.11 0.00085 0.00183 0.011267 0.000276 0.001097 0.000647
03:32:11.66 -27:37:26.10 0.000813 0.002615 0.000384 0.000721 0.000968 0.001141
03:32:17.08 -27:58:46.31 0.000798 0.000367 "" 0.000632 0.000794 0.000294
03:33:34.57 -27:47:51.23 0.00054 0.000294 "" 0.001815 0.000406 0.000238
03:32:18.53 -27:54:11.97 0.000581 0.00041 "" 0.000595 0.001497 0.000344
03:32:19.77 -27:54:01.46 0.000536 0.000352 "" 0.000587 0.000824 0.000566
03:32:08.69 -27:47:34.33 0.00052 0.000666 "" 0.000353 0.000316 0.001386
03:33:41.33 -27:38:08.64 0.000448 0.000515 "" 0.001465 0.001052 0.000776
03:32:19.13 -27:54:07.74 0.000469 0.00035 "" 0.012748 0.009125 0.001875
03:33:55.41 -27:37:08.45 0.000446 0.000496 "" 0.00033 0.000284 0.000734
03:33:14.99 -27:51:51.20 0.000369 0.000282 "" "" 0.000285 0.000285
03:33:21.33 -27:41:38.69 0.00037 0.000328 "" "" "" 0.001515
03:34:26.58 -27:44:05.00 0.000299 0.00023 "" "" "" 0.000469
03:32:13.09 -27:43:50.63 0.000355 0.000527 "" "" "" 0.00054
03:32:41.74 -27:38:15.21 0.000361 0.000678 "" "" "" 0.000843
03:31:49.92 -27:48:38.73 0.000304 0.00052 "" "" "" 0.000775
03:33:09.76 -27:48:01.59 0.000288 0.000255 "" "" "" 0.000338
03:33:16.13 -27:27:45.97 0.000261 0.000874 "" "" "" 0.000676
03:32:00.81 -27:46:47.03 0.000294 0.007241 "" "" "" 0.000756
03:34:26.46 -27:44:01.57 0.000239 0.003768 "" "" "" 0.000396
03:33:11.79 -27:41:38.68 0.000247 0.000255 "" "" "" 0.00038
03:33:32.57 -27:35:38.73 0.000228 0.000261 "" "" "" 0.000288
03:33:03.74 -27:36:11.42 0.000212 0.000286 "" "" "" 0.000512
03:32:18.01 -27:47:18.57 0.000211 0.000275 "" "" "" 0.000215
"" "" "" "" "" "" "" 0.000452
"" "" "" "" "" "" "" 0.005621
"" "" "" "" "" "" "" 0.000271
"" "" "" "" "" "" "" 0.00045
"" "" "" "" "" "" "" 0.000343
"" "" "" "" "" "" "" 0.000244
