Epochs/Epoch_5.ecsv
# %ECSV 1.0
# ---
# datatype:
# - {name: RA, datatype: string}
# - {name: DEC, datatype: string}
# - {name: peak1, datatype: float64}
# - {name: peak2, datatype: float64}
# - {name: peak3, datatype: float64}
# - {name: peak4, datatype: float64}
# - {name: peak5, datatype: float64}
# - {name: peak6, datatype: float64}
# meta: !!omap
# - comments: ['Aegean version $Revision: 760 $', 'on dataset: /home/kunal/projects/vla_cdfs_dfrail_sep2011/data/fits/flatn/PNT6_5.FLATN',
#     'isl,src   bkg       rms         RA           DEC         RA         err         DEC        err         Peak      err     S_int     err        a    err    b    err     pa   err   flags',
#     Jy/beam   Jy/beam                               deg        deg         deg        deg       Jy/beam   Jy/beam    Jy       Jy         ''    ''    ''    ''    deg   deg   NCPES,
#     ==========================================================================================================================================================================================]
# schema: astropy-2.0
RA DEC peak1 peak2 peak3 peak4 peak5 peak6
03:33:10.21 -27:48:41.94 0.010924 0.0221 0.015485 0.004469 0.002677 0.004418
03:32:32.17 -28:03:17.69 0.004507 0.001642 0.007233 0.011184 0.001371 0.004233
03:32:01.61 -27:46:47.33 0.005313 0.004354 0.006972 0.011184 0.012176 0.008813
03:32:01.30 -27:46:47.71 0.005136 0.004354 0.021504 0.017105 0.011677 0.008565
03:32:42.02 -27:38:18.75 0.004751 0.012703 0.003821 0.003023 0.006674 0.00341
03:32:42.27 -27:38:17.57 0.00065 0.002408 0.000792 0.000806 0.000792 0.00015
03:32:42.30 -27:38:15.92 0.000435 0.000487 0.021504 0.017105 0.006674 0.00341
03:32:42.30 -27:38:19.08 0.000578 0.012703 0.001466 0.005077 0.001104 0.003668
03:32:32.02 -28:03:09.78 0.003874 0.001368 0.00616 0.006146 0.001082 0.001059
03:32:32.00 -28:03:02.71 0.003382 0.001308 0.010923 0.008717 0.001082 0.001059
03:33:53.31 -28:05:07.18 0.00394 0.002593 0.000384 0.000488 0.000532 0.002317
03:33:53.11 -28:05:09.14 0.00042 0.000354 0.005758 0.002878 0.000312 0.001609
03:32:56.77 -28:02:11.31 0.003762 0.002015 0.003755 0.000583 0.000335 0.001417
03:32:57.09 -28:02:10.01 0.00301 0.001464 0.00153 0.0018 0.000335 0.001417
03:32:57.60 -28:02:09.15 0.00229 0.001229 0.002535 0.000235 0.000312 0.00028
03:32:57.37 -28:02:09.58 0.001802 0.001229 0.000235 0.001952 0.010175 0.00028
03:32:56.58 -28:02:09.29 0.000357 0.001229 0.000284 0.000117 0.00375 0.001102
03:33:16.77 -28:00:15.93 0.002838 0.002846 0.000597 0.00042 0.003659 0.007534
03:32:26.99 -27:41:07.21 0.002087 0.003662 0.001552 0.000363 0.001208 0.002151
03:32:43.16 -27:38:13.21 0.002316 0.006492 0.00044 0.001713 0.000282 0.001753
03:32:17.07 -27:58:46.27 0.001836 0.000763 0.000383 0.001042 0.001186 0.002834
03:32:45.42 -28:04:50.13 0.001548 0.000571 0.000385 0.000628 0.000818 0.001097
03:32:49.21 -27:40:50.39 0.001437 0.002837 0.000792 "" 0.002194 0.000816
03:34:26.97 -27:44:02.78 0.001691 0.011282 0.000279 "" 0.000533 0.000446
03:34:26.86 -27:43:59.04 0.000912 0.006143 0.000355 "" 0.000745 0.000685
03:33:16.36 -27:47:24.86 0.001747 0.002138 0.000496 "" 0.000627 0.000626
03:32:49.45 -27:42:35.22 0.001147 0.002141 0.000355 "" 0.000308 0.000325
03:32:56.49 -27:58:48.27 0.001439 0.000725 0.000213 "" 0.000621 0.00035
03:33:16.75 -27:56:30.26 0.00087 0.001132 0.000442 "" 0.001182 0.000293
03:33:08.20 -27:50:33.15 0.00083 0.001208 0.000344 "" 0.001408 0.001569
03:32:10.94 -27:44:14.98 0.000731 0.000832 0.0005 "" 0.001082 0.002163
03:33:38.36 -28:00:30.42 0.000715 0.000658 "" "" 0.000571 0.000984
03:32:18.56 -27:54:11.94 0.000786 0.000552 "" "" "" 0.000807
03:32:19.78 -27:54:01.39 0.000733 0.000512 "" "" "" 0.000334
03:32:19.50 -27:54:04.65 0.000316 0.000252 "" "" "" 0.000813
03:32:19.16 -27:54:07.48 0.000714 0.000466 "" "" "" 0.001055
03:32:08.69 -27:47:34.23 0.000609 0.000651 "" "" "" 0.001106
03:33:33.44 -27:53:32.47 0.000574 0.000778 "" "" "" 0.000392
03:34:09.98 -27:52:12.85 0.000658 0.001516 "" "" "" 0.000304
03:33:27.57 -27:57:25.86 0.000561 0.000631 "" "" "" 0.000366
03:31:49.90 -27:48:38.49 0.000533 0.000313 "" "" "" 0.001762
03:33:58.33 -27:48:48.44 0.000494 0.000988 "" "" "" 0.001095
03:32:41.63 -28:01:27.80 0.000472 0.00025 "" "" "" 0.000398
03:34:30.57 -27:57:54.26 0.000525 0.000973 "" "" "" 0.000254
03:33:48.75 -28:02:31.96 0.000406 0.000315 "" "" "" ""
03:33:14.86 -28:04:31.56 0.000371 0.000277 "" "" "" ""
03:33:14.98 -27:51:51.06 0.000302 0.000403 "" "" "" ""
03:34:05.68 -27:46:34.69 0.000285 0.000945 "" "" "" ""
03:33:34.57 -27:47:51.15 0.000306 0.000553 "" "" "" ""
03:32:13.09 -27:43:50.38 0.000253 0.000294 "" "" "" ""
03:34:05.46 -27:46:39.38 0.00022 0.000671 "" "" "" ""
