Unique_Sources.ecsv
# %ECSV 1.0
# ---
# datatype:
# - {name: RA, datatype: float64}
# - {name: DEC, datatype: float64}
# schema: astropy-2.0
RA DEC
3.545644444444444 -27.861422222222224
3.535747222222222 -27.792844444444444
3.552836111111111 -27.811655555555557
3.5450027777777775 -27.638530555555555
3.5450749999999998 -27.63801388888889
3.5450666666666666 -27.638502777777777
3.5337805555555555 -27.77980277777778
3.5336944444444445 -27.77991111111111
3.5408305555555555 -27.685341666666666
3.545322222222222 -27.636991666666667
3.545233333333333 -27.63767222222222
3.5380777777777777 -27.979505555555555
3.574158333333333 -27.734147222222223
3.5470027777777777 -27.680672222222224
3.5545444444444443 -27.790241666666667
3.549025 -27.980077777777776
3.5470694444444444 -27.709791666666668
3.5546527777777777 -27.941744444444446
3.552275 -27.842525
3.536372222222222 -27.737483333333333
3.538483333333333 -27.903322222222222
3.5388277777777777 -27.900374999999997
3.5386583333333332 -27.902058333333333
3.538752777777778 -27.901283333333332
3.5592888888888887 -27.89238333333333
3.569436111111111 -27.870297222222224
3.5305305555555555 -27.810727777777778
3.554172222222222 -27.864219444444444
3.5662 -27.813477777777777
3.5596083333333333 -27.797547222222224
3.5682555555555555 -27.776194444444442
3.536972222222222 -27.730744444444444
3.568186111111111 -27.77738611111111
3.552694444444444 -27.800341666666668
3.549025 -27.98007222222222
3.574158333333333 -27.734175
3.538483333333333 -27.903299999999998
3.5546527777777777 -27.94176388888889
3.5541666666666667 -27.864169444444446
3.5541638888888887 -27.864280555555556
3.5388249999999997 -27.900394444444444
3.535744444444444 -27.792869444444445
3.5682555555555555 -27.77628888888889
3.552833333333333 -27.811711111111112
3.559611111111111 -27.797641666666667
3.545 -27.63866388888889
3.5450555555555554 -27.638152777777776
3.5337777777777775 -27.779869444444444
3.533688888888889 -27.77996111111111
3.540825 -27.685388888888887
3.5453166666666664 -27.637047222222222
3.5451916666666667 -27.637708333333332
3.538072222222222 -27.979566666666663
3.574147222222222 -27.733975
3.5470027777777777 -27.680755555555557
3.5545416666666667 -27.79029166666667
3.5490194444444443 -27.98012222222222
3.5470666666666664 -27.709833333333332
3.554647222222222 -27.9418
3.552272222222222 -27.842563888888886
3.5363694444444445 -27.737519444444445
3.5384777777777776 -27.90331111111111
3.5386527777777776 -27.902144444444442
3.5592888888888887 -27.892408333333332
3.569433333333333 -27.870383333333333
3.530525 -27.810766666666666
3.5661972222222222 -27.81352777777778
3.5369694444444444 -27.73081111111111
3.5456333333333334 -27.86143888888889
3.552833333333333 -27.81169722222222
3.5450027777777775 -27.638627777777778
3.5451277777777777 -27.637966666666667
3.5337388888888888 -27.779891666666664
3.5408277777777775 -27.685366666666667
3.5453194444444445 -27.637016666666668
3.5452555555555554 -27.637791666666665
3.5380777777777777 -27.979530555555552
3.5741555555555555 -27.734166666666667
3.5470027777777777 -27.680719444444446
3.5545416666666667 -27.790266666666668
3.549025 -27.980091666666667
3.5470666666666664 -27.709822222222222
3.5546499999999996 -27.941797222222224
3.552272222222222 -27.842547222222223
3.5363694444444445 -27.737530555555555
3.5384805555555556 -27.903325
3.5388249999999997 -27.900405555555555
3.538647222222222 -27.90215
3.538761111111111 -27.901313888888886
3.559286111111111 -27.892397222222222
3.535747222222222 -27.792869444444445
3.569433333333333 -27.870302777777777
3.530533333333333 -27.810758333333332
3.5541638888888887 -27.864222222222224
3.5661944444444442 -27.81345277777778
3.5596027777777777 -27.79756388888889
3.5682527777777775 -27.776177777777775
3.5369694444444444 -27.730730555555553
3.538336111111111 -27.78849166666667
3.5681833333333333 -27.77738611111111
3.553647222222222 -27.825155555555554
3.552711111111111 -27.800441666666668
3.554161111111111 -27.864183333333333
3.535747222222222 -27.792841666666668
3.552836111111111 -27.81165
3.5596027777777777 -27.797541666666667
3.5450055555555555 -27.638541666666665
3.5450833333333334 -27.637755555555554
3.5337805555555555 -27.77981388888889
3.5336944444444445 -27.77991944444444
3.5408305555555555 -27.685336111111113
3.545322222222222 -27.637002777777777
3.538075 -27.979519444444442
3.574158333333333 -27.734105555555555
3.5470027777777777 -27.68066388888889
3.5545444444444443 -27.79023888888889
3.549025 -27.980075
3.5470694444444444 -27.709783333333334
3.5546527777777777 -27.94173888888889
3.5522777777777774 -27.842541666666666
3.536372222222222 -27.737494444444444
3.538488888888889 -27.903316666666665
3.5388277777777777 -27.90038611111111
3.538655555555555 -27.902077777777777
3.53875 -27.901291666666665
3.5592888888888887 -27.892352777777777
3.5694388888888886 -27.87023611111111
3.530527777777778 -27.810691666666667
3.5662027777777774 -27.813455555555556
3.5682444444444443 -27.776302777777776
3.5369694444444444 -27.73066111111111
3.5681833333333333 -27.777605555555553
3.538822222222222 -27.900352777777776
3.5450777777777778 -27.638155555555556
3.5363666666666664 -27.737597222222224
3.5490222222222223 -27.98014722222222
3.5522694444444443 -27.842613888888888
3.5528305555555555 -27.811669444444444
3.5545416666666667 -27.790244444444447
3.535747222222222 -27.792886111111113
3.545 -27.63856111111111
3.533775 -27.779866666666667
3.533688888888889 -27.779955555555553
3.540825 -27.685377777777777
3.5453166666666664 -27.636991666666667
3.538072222222222 -27.979599999999998
3.546997222222222 -27.680722222222222
3.547063888888889 -27.709855555555556
3.538472222222222 -27.90334722222222
3.5386444444444445 -27.902213888888888
3.5305194444444443 -27.81077777777778
3.5541638888888887 -27.864227777777778
3.535747222222222 -27.792897222222223
3.545 -27.638644444444445
3.545086111111111 -27.63778888888889
3.5337388888888888 -27.779902777777778
3.5408277777777775 -27.685372222222224
3.5453194444444445 -27.63703611111111
3.545211111111111 -27.637583333333332
3.538075 -27.979569444444444
3.5741555555555555 -27.73415
3.5469999999999997 -27.680722222222222
3.5545416666666667 -27.79026388888889
3.554647222222222 -27.941794444444444
3.552272222222222 -27.842555555555553
3.5363694444444445 -27.737536111111112
3.5384805555555556 -27.903411111111108
3.5388277777777777 -27.900394444444444
3.5386527777777776 -27.90213888888889
3.5387638888888886 -27.901333333333334
3.5592888888888887 -27.89238888888889
3.569436111111111 -27.870286111111113
3.530525 -27.81073888888889
3.5661944444444442 -27.813455555555556
3.5596027777777777 -27.797547222222224
3.5682527777777775 -27.776180555555555
3.5369666666666664 -27.730733333333333
3.5681833333333333 -27.777408333333334
3.5536583333333334 -27.825133333333333
3.5527027777777778 -27.800491666666666
3.5541638888888887 -27.864186111111113
3.545061111111111 -27.638166666666667
3.5380777777777777 -27.979544444444443
3.5386527777777776 -27.902077777777777
3.535744444444444 -27.79296388888889
3.552833333333333 -27.811708333333335
3.5595999999999997 -27.79757777777778
3.545 -27.638661111111112
3.5337777777777775 -27.779902777777778
3.540825 -27.685391666666668
3.5453194444444445 -27.63705
3.574147222222222 -27.73391666666667
3.5469999999999997 -27.680755555555557
3.5545416666666667 -27.790269444444448
3.5470666666666664 -27.709841666666666
3.554636111111111 -27.941841666666665
3.5522694444444443 -27.84253888888889
3.5363694444444445 -27.73758888888889
3.5384777777777776 -27.903341666666666
3.5388277777777777 -27.900402777777778
3.5592944444444443 -27.8924
3.5694305555555554 -27.870219444444444
3.530527777777778 -27.81075277777778
3.5661944444444442 -27.81341111111111
3.5682527777777775 -27.77613611111111
3.5369694444444444 -27.730819444444442
3.5681833333333333 -27.777330555555555
3.54525 -27.637397222222223
3.536975 -27.730852777777777
3.5388249999999997 -27.90038333333333
3.552272222222222 -27.842605555555554
3.5545444444444443 -27.790244444444447
3.535747222222222 -27.79290277777778
3.5450027777777775 -27.638583333333333
3.5450805555555553 -27.63818611111111
3.5337777777777775 -27.779863888888887
3.5336916666666665 -27.77996111111111
3.540825 -27.685366666666667
3.523588888888889 -27.868925
3.538072222222222 -27.97959722222222
3.549025 -27.980105555555554
3.554647222222222 -27.941808333333334
3.5363694444444445 -27.73757777777778
3.5384805555555556 -27.903352777777776
3.53865 -27.90215
3.5387638888888886 -27.901172222222222
3.530525 -27.810791666666667
