Updated Epochs/Epoch2.ecsv
# %ECSV 1.0
# ---
# datatype:
# - {name: RA, datatype: string}
# - {name: DEC, datatype: string}
# - {name: '2007-07-17', datatype: float64}
# - {name: '2007-07-12', datatype: float64}
# - {name: '2007-07-13', datatype: float64}
# - {name: '2007-07-14', datatype: float64}
# - {name: '2007-07-15', datatype: float64}
# - {name: '2007-07-16', datatype: float64}
# meta: !!omap
# - comments: ['Aegean version $Revision: 760 $', 'on dataset: /home/kunal/projects/vla_cdfs_dfrail_sep2011/data/fits/flatn/PNT6_2.FLATN',
#     'isl,src   bkg       rms         RA           DEC         RA         err         DEC        err         Peak      err     S_int     err        a    err    b    err     pa   err   flags',
#     Jy/beam   Jy/beam                               deg        deg         deg        deg       Jy/beam   Jy/beam    Jy       Jy         ''    ''    ''    ''    deg   deg   NCPES,
#     ==========================================================================================================================================================================================]
# schema: astropy-2.0
RA DEC 2007-07-17 2007-07-12 2007-07-13 2007-07-14 2007-07-15 2007-07-16
03:33:10.21 -27:48:41.96 0.011585 0.015917 0.015429 0.004519 0.002819 0.004764
03:32:32.17 -28:03:17.66 0.004616 0.001636 0.000269 0.000489 0.001374 0.004365
03:32:42.01 -27:38:18.71 0.005034 0.012878 0.021462 0.017468 0.007412 0.003721
03:32:42.24 -27:38:18.61 0.000722 0.012878 0.021462 0.017468 0.007412 0.003721
03:32:42.27 -27:38:16.85 0.000923 0.002496 0.003792 0.003227 0.000358 0.000633
03:32:01.61 -27:46:47.29 0.005568 0.00436 0.007227 0.011427 0.012763 0.009259
03:32:01.30 -27:46:47.68 0.005381 0.00436 0.006917 0.011427 0.012304 0.008972
03:32:31.91 -28:03:02.41 0.001326 0.000189 0.000269 0.000489 0.001092 0.000877
03:33:53.32 -28:05:07.22 0.004151 0.002532 0.000269 0.000489 0.000277 0.001148
03:33:53.10 -28:05:09.09 0.00052 0.000337 0.000269 0.000489 0.000277 0.001148
03:32:56.77 -28:02:11.22 0.003863 0.002047 0.000269 0.000489 0.000648 0.002313
03:32:57.09 -28:02:10.03 0.003054 0.001517 0.000269 0.000489 0.000121 0.00177
03:32:57.60 -28:02:09.17 0.002413 0.001277 0.000269 0.000489 0.000377 0.001451
03:32:57.36 -28:02:09.51 0.001844 0.001277 0.000269 0.000489 0.000377 0.001451
03:33:16.77 -28:00:15.94 0.003949 0.002818 0.000269 0.000489 0.00025 0.001158
03:32:17.08 -27:58:46.22 0.002052 0.000701 0.000373 0.000489 0.001145 0.002133
03:32:43.16 -27:38:13.17 0.002564 0.006538 0.010862 0.000627 0.004084 0.001948
03:32:42.84 -27:38:15.62 0.000203 0.000424 0.000665 0.000535 0.000226 0.000633
03:32:26.99 -27:41:07.23 0.00219 0.003769 0.006014 0.006279 0.00396 0.002302
03:34:26.97 -27:44:02.93 0.001923 0.01137 0.003676 0.000704 0.000581 0.00037
03:34:26.85 -27:43:59.14 0.000993 0.006219 0.003676 0.000704 0.000581 0.00037
03:32:49.21 -27:40:50.42 0.00146 0.003032 0.00563 0.003618 0.001442 0.000944
03:32:45.42 -28:04:50.09 0.001533 0.000529 0.000269 0.000489 0.000277 0.001148
03:32:45.29 -28:04:47.59 0.000438 0.00018 0.000269 0.000489 0.000277 0.001148
03:33:16.36 -27:47:24.87 0.001872 0.002123 0.001507 0.00055 0.000264 0.000473
03:32:56.49 -27:58:48.28 0.001491 0.000769 0.000269 0.000489 0.000224 0.000692
03:33:16.75 -27:56:30.28 0.001127 0.000747 0.000238 0.000489 0.000224 0.000342
03:32:49.45 -27:42:35.25 0.001153 0.002134 0.002547 0.001833 0.000859 0.000702
03:33:08.19 -27:50:33.09 0.000815 0.001214 0.00064 0.00026 0.002819 0.000362
03:32:10.94 -27:44:14.94 0.000824 0.000938 0.001535 0.002649 0.001794 0.001702
03:33:38.37 -28:00:30.44 0.000771 0.000637 0.000269 0.000489 0.00025 0.001158
03:32:18.54 -27:54:11.96 0.000842 0.000555 0.000327 0.000429 0.000788 0.000971
03:32:18.77 -27:54:10.37 0.000192 0.000129 0.000327 0.000429 0.000148 0.000223
03:32:19.17 -27:54:07.41 0.000775 0.000548 0.000352 0.000257 0.000627 0.000842
03:32:08.69 -27:47:34.24 0.000694 0.000576 0.000803 0.00143 0.002332 0.000993
03:32:19.78 -27:54:01.35 0.000745 0.000534 0.0004 0.000395 0.000642 0.000865
03:32:19.51 -27:54:04.62 0.000314 0.000233 0.000352 0.00024 0.000297 0.000387
03:32:20.13 -27:54:00.78 0.000247 0.000135 0.000143 0.000395 0.000175 0.000865
03:33:33.44 -27:53:32.58 0.000608 0.000963 0.000296 0.000395 0.000175 0.000865
03:33:27.56 -27:57:25.88 0.000708 0.000552 0.000238 0.000489 0.000224 0.000342
03:34:09.97 -27:52:13.07 0.000677 0.0015 0.000327 0.00026 0.000175 0.000362
03:34:30.56 -27:57:54.38 0.000634 0.001166 0.000269 0.000489 0.000224 0.000692
03:32:41.64 -28:01:27.78 0.000496 0.000238 0.000269 0.000489 0.000377 0.000374
03:31:49.91 -27:48:38.62 0.000501 0.00028 0.000485 0.001037 0.001555 0.001095
03:33:58.32 -27:48:48.52 0.000437 0.001322 0.000506 0.004519 0.002819 0.004764
03:33:14.86 -28:04:31.63 0.000428 0.000213 0.000269 0.000489 0.000277 0.001148
03:32:53.36 -28:01:59.01 0.000388 0.000298 0.000269 0.000489 0.000377 0.000246
03:33:48.76 -28:02:32.05 0.00042 0.00035 0.000269 0.000489 0.000648 0.002313
03:32:32.59 -28:03:01.87 0.000371 0.000189 0.000269 0.000489 0.001092 0.000383
03:33:15.02 -27:51:51.19 0.000368 0.000535 0.000275 0.00026 0.010703 0.000362
03:34:05.72 -27:46:34.30 0.000317 0.000973 0.000412 0.00055 0.000264 0.000473
03:34:05.47 -27:46:38.59 0.000247 0.000665 0.000277 0.00055 0.000264 0.000473
03:33:34.59 -27:47:51.17 0.000302 0.000547 0.000322 0.00055 0.002819 0.000473
03:32:44.32 -27:51:41.12 0.000263 0.00021 0.000275 0.00026 0.010703 0.000362
03:32:13.10 -27:43:50.68 0.000256 0.000304 0.000535 0.000704 0.000581 0.00037
03:33:09.70 -27:48:01.23 0.000316 0.0003 0.000284 0.00055 0.002819 0.000473
03:33:53.71 -28:05:09.21 0.000256 0.000337 0.000269 0.000489 0.000277 0.001148
