Updated Epochs/Epoch8.ecsv
# %ECSV 1.0
# ---
# datatype:
# - {name: RA, datatype: string}
# - {name: DEC, datatype: string}
# - {name: '2007-09-06', datatype: float64}
# - {name: '2007-09-11', datatype: float64}
# - {name: '2007-09-07', datatype: float64}
# - {name: '2007-09-08', datatype: float64}
# - {name: '2007-09-09', datatype: float64}
# - {name: '2007-09-10', datatype: float64}
# meta: !!omap
# - comments: ['Aegean version $Revision: 760 $', 'on dataset: /home/kunal/projects/vla_cdfs_dfrail_sep2011/data/fits/flatn/PNT2_8.FLATN',
#     'isl,src   bkg       rms         RA           DEC         RA         err         DEC        err         Peak      err     S_int     err        a    err    b    err     pa   err   flags',
#     Jy/beam   Jy/beam                               deg        deg         deg        deg       Jy/beam   Jy/beam    Jy       Jy         ''    ''    ''    ''    deg   deg   NCPES,
#     ==========================================================================================================================================================================================]
# schema: astropy-2.0
RA DEC 2007-09-06 2007-09-11 2007-09-07 2007-09-08 2007-09-09 2007-09-10
03:32:42.00 -27:38:19.18 0.02068 0.012209 0.016966 0.006744 0.003455 0.004835
03:32:42.22 -27:38:17.40 0.003547 0.002228 0.002971 0.000823 0.000548 0.000732
03:33:10.20 -27:48:42.15 0.014635 0.015412 0.004325 0.002599 0.004502 0.011323
03:32:43.15 -27:38:13.38 0.010575 0.006171 0.008554 0.003725 0.001774 0.002431
03:32:01.60 -27:46:47.65 0.007018 0.004135 0.011181 0.012354 0.00882 0.005467
03:32:01.28 -27:46:47.97 0.006714 0.004135 0.010822 0.011951 0.008593 0.005246
03:32:26.97 -27:41:07.41 0.005796 0.003586 0.005985 0.003706 0.002235 0.002069
03:32:49.20 -27:40:50.72 0.005659 0.003055 0.002958 0.001145 0.00081 0.001404
03:32:06.11 -27:32:35.78 0.004864 0.000835 0.007479 0.002845 0.001774 0.002431
03:33:49.07 -27:38:37.88 0.003989 0.004091 0.016966 0.006744 0.003455 0.004835
03:34:26.93 -27:44:02.10 0.003336 0.0109 0.000693 0.000606 0.000332 0.001768
03:32:49.44 -27:42:35.43 0.002601 0.002137 0.001822 0.000848 0.000697 0.001144
03:32:11.66 -27:37:26.21 0.002267 0.000799 0.002817 0.001592 0.001774 0.002431
03:33:16.35 -27:47:24.97 0.001466 0.002097 0.000522 0.001155 0.000409 0.001337
03:32:10.93 -27:44:15.32 0.001438 0.000943 0.002317 0.002557 0.0016 0.000811
03:33:16.12 -27:27:46.06 0.00068 0.000294 0.001659 0.000341 0.001774 0.002431
03:33:08.17 -27:50:33.14 0.00059 0.001302 0.000256 0.002599 0.000319 0.000798
03:32:08.68 -27:47:34.67 0.000579 0.000421 0.000943 0.001155 0.001102 0.000623
03:32:13.09 -27:43:50.95 0.000548 0.00032 0.000693 0.000606 0.000332 0.000811
03:31:49.90 -27:48:38.71 0.000458 0.0003 0.001046 0.001537 0.001017 0.000474
03:33:41.32 -27:38:08.86 0.000419 0.000529 0.008554 0.003725 0.001774 0.002431
03:33:55.41 -27:37:08.30 0.000426 0.000441 0.008554 0.003725 0.001774 0.002431
03:33:21.31 -27:41:38.75 0.000332 0.000363 0.002958 0.001145 0.00081 0.001404
03:32:18.52 -27:54:12.03 0.000358 0.000575 0.000464 0.000719 0.000926 0.000834
03:32:17.08 -27:58:46.36 0.00031 0.000662 0.00038 0.000994 0.002614 0.001763
03:34:05.71 -27:46:34.09 0.000327 0.000948 0.000522 0.012354 0.000409 0.000334
03:32:19.78 -27:54:01.45 0.000345 0.000459 0.000373 0.000577 0.000795 0.000806
03:32:19.15 -27:54:07.48 0.000332 0.000458 0.00032 0.000576 0.000733 0.000699
03:33:34.56 -27:47:51.28 0.000307 0.000668 0.000522 0.002599 0.000409 0.00029
03:34:09.95 -27:52:12.79 0.000306 0.001426 0.000256 0.000577 0.000319 0.000602
03:33:58.30 -27:48:48.28 0.000295 0.000973 0.004325 0.002599 0.004502 0.000401
03:33:33.46 -27:53:32.64 0.000315 0.000807 0.000373 0.000577 0.000795 0.000579
03:33:14.99 -27:51:51.07 0.000261 0.000379 0.000256 0.009897 0.000319 0.000412
03:33:16.69 -27:56:30.63 0.00038 0.000857 0.00038 0.000994 0.000298 0.001367
03:34:05.46 -27:46:38.39 0.000224 0.000609 0.000522 0.012354 0.000409 0.000334
