Epochs_Dates/Epoch6.ecsv
# %ECSV 1.0
# ---
# datatype:
# - {name: RA, datatype: string}
# - {name: DEC, datatype: string}
# - {name: '2007-08-17', datatype: float64}
# - {name: '2007-08-11', datatype: float64}
# - {name: '2007-08-13', datatype: float64}
# - {name: '2007-08-14', datatype: float64}
# - {name: '2007-08-16', datatype: float64}
# - {name: '2007-08-18', datatype: float64}
# meta: !!omap
# - comments: ['Aegean version $Revision: 760 $', 'on dataset: /home/kunal/projects/vla_cdfs_dfrail_sep2011/data/fits/flatn/PNT5_6.FLATN',
#     'isl,src   bkg       rms         RA           DEC         RA         err         DEC        err         Peak      err     S_int     err        a    err    b    err     pa   err   flags',
#     Jy/beam   Jy/beam                               deg        deg         deg        deg       Jy/beam   Jy/beam    Jy       Jy         ''    ''    ''    ''    deg   deg   NCPES,
#     ==========================================================================================================================================================================================]
# schema: astropy-2.0
RA DEC 2007-08-17 2007-08-11 2007-08-13 2007-08-14 2007-08-16 2007-08-18
03:32:01.28 -27:46:47.84 0.008552 0.00434 0.007139 0.011067 0.01183 0.005196
03:32:01.59 -27:46:47.52 0.008808 0.00434 0.007351 0.011306 0.01228 0.005369
03:32:32.16 -28:03:17.92 0.004148 0.001661 0.001533 0.005037 0.010115 0.002361
03:32:32.01 -28:03:10.09 0.003722 0.001392 0.015445 0.004333 0.001342 0.004572
03:32:32.00 -28:03:03.01 0.002665 0.001257 0.021494 0.017143 0.001153 0.00131
03:32:31.91 -28:03:02.31 0.000774 0.000177 0.003805 0.003094 0.001098 0.00131
03:33:10.19 -27:48:42.01 0.004452 0.015528 0.000349 0.000383 0.000124 0.011144
03:32:42.00 -27:38:18.82 0.003459 0.012479 0.006127 0.006094 0.002536 0.004861
03:32:42.28 -27:38:17.36 0.000579 0.002215 0.010823 0.008535 0.006678 0.000655
03:32:17.06 -27:58:46.56 0.002174 0.000673 0.010823 0.008535 0.00074 0.001779
03:32:26.97 -27:41:07.36 0.002181 0.003705 0.001721 0.001841 0.001119 0.002152
03:32:56.75 -28:02:11.42 0.002147 0.002065 0.000456 0.001079 0.003719 0.000785
03:32:57.07 -28:02:10.20 0.001773 0.001613 0.000788 0.000896 0.000494 0.003797
03:32:57.58 -28:02:09.34 0.00135 0.001245 0.006255 0.003112 0.000603 0.003009
03:32:57.36 -28:02:09.85 0.000945 0.001032 0.000393 0.000449 0.000447 0.002358
03:32:43.14 -27:38:13.17 0.001726 0.006383 0.003536 0.000654 0.000281 0.003009
03:32:42.81 -27:38:13.54 0.00022 0.006383 0.000367 0.000385 0.000447 0.000355
03:32:10.92 -27:44:15.35 0.0012 0.000868 0.000264 0.001766 0.003688 0.002394
03:32:45.40 -28:04:50.12 0.001225 0.000549 0.001026 0.000473 0.003688 0.002394
03:31:49.87 -27:48:38.80 0.001119 0.000303 0.000354 0.002908 0.002274 0.000758
03:33:16.76 -28:00:16.12 0.001134 0.002749 0.000228 0.000375 0.000278 0.000243
03:32:08.69 -27:47:34.39 0.000881 0.000512 0.001498 0.000238 0.001393 0.001555
03:32:49.19 -27:40:50.60 0.000881 0.003082 0.000267 0.000962 0.0017 0.000436
03:32:19.76 -27:54:01.27 0.000814 0.000488 0.000584 0.000437 0.001257 0.002854
03:32:49.43 -27:42:35.48 0.000746 0.00213 "" 0.000492 0.001182 0.000493
03:32:18.50 -27:54:12.05 0.000803 0.000561 "" 0.000403 0.001156 0.001435
03:32:56.48 -27:58:48.53 0.000714 0.000778 "" 0.000286 0.000653 0.000775
03:32:19.12 -27:54:07.97 0.00066 0.000509 "" "" 0.00085 0.001154
03:33:16.35 -27:47:24.88 0.000402 0.002075 "" "" 0.000709 0.000824
03:33:08.17 -27:50:33.41 0.000402 0.001217 "" "" 0.000284 0.000178
"" "" "" "" "" "" 0.002398 0.001452
"" "" "" "" "" "" 0.000759 0.000695
"" "" "" "" "" "" 0.000607 0.000246
"" "" "" "" "" "" 0.000663 0.000478
"" "" "" "" "" "" 0.000323 0.001737
"" "" "" "" "" "" 0.00109 0.000233
"" "" "" "" "" "" 0.000491 0.000765
"" "" "" "" "" "" 0.000303 ""
"" "" "" "" "" "" 0.000412 ""
"" "" "" "" "" "" 0.000578 ""
"" "" "" "" "" "" 0.000296 ""
"" "" "" "" "" "" 0.000346 ""
"" "" "" "" "" "" 0.000338 ""
