Epochs_Dates/Epoch3.ecsv
# %ECSV 1.0
# ---
# datatype:
# - {name: RA, datatype: string}
# - {name: DEC, datatype: string}
# - {name: '2007-07-20', datatype: float64}
# - {name: '2007-07-19', datatype: float64}
# - {name: '2007-07-21', datatype: float64}
# - {name: '2007-07-22', datatype: float64}
# - {name: '2007-07-23', datatype: float64}
# - {name: '2007-07-24', datatype: float64}
# meta: !!omap
# - comments: ['Aegean version $Revision: 760 $', 'on dataset: /home/kunal/projects/vla_cdfs_dfrail_sep2011/data/fits/flatn/PNT2_3.FLATN',
#     'isl,src   bkg       rms         RA           DEC         RA         err         DEC        err         Peak      err     S_int     err        a    err    b    err     pa   err   flags',
#     Jy/beam   Jy/beam                               deg        deg         deg        deg       Jy/beam   Jy/beam    Jy       Jy         ''    ''    ''    ''    deg   deg   NCPES,
#     ==========================================================================================================================================================================================]
# schema: astropy-2.0
RA DEC 2007-07-20 2007-07-19 2007-07-21 2007-07-22 2007-07-23 2007-07-24
03:32:42.00 -27:38:19.19 0.02167 0.012773 0.017474 0.007471 0.003759 0.005044
03:32:43.14 -27:38:13.37 0.010976 0.006692 0.008915 0.004044 0.00193 0.002541
03:32:42.20 -27:38:17.35 0.003795 0.002324 0.00325 0.000858 0.000632 0.000837
03:32:42.69 -27:38:15.75 0.000571 0.000999 0.000907 0.000248 0.004785 0.000297
03:33:10.20 -27:48:42.16 0.015534 0.015777 0.004516 0.002833 0.008942 0.011604
03:32:01.28 -27:46:47.86 0.007147 0.004422 0.002994 0.012332 0.009223 0.005409
03:32:01.60 -27:46:47.53 0.007374 0.004422 0.011084 0.012771 0.00235 0.005637
03:32:26.97 -27:41:07.40 0.006067 0.00376 0.011452 0.003935 0.00086 0.002217
03:32:06.11 -27:32:35.72 0.005278 0.000959 0.006206 0.003108 0.000704 0.001486
03:32:49.21 -27:40:50.72 0.004345 0.00304 0.010906 0.001404 0.000516 0.00194
03:33:49.07 -27:38:37.99 0.004169 0.004307 0.003593 0.000822 0.001198 0.001123
03:34:26.93 -27:44:02.31 0.003804 0.01131 0.001697 0.001316 0.007934 0.00136
03:32:49.44 -27:42:35.40 0.002619 0.002193 0.00331 0.001962 0.000633 0.000817
03:32:11.66 -27:37:26.18 0.001884 0.00072 0.000518 0.010334 0.000344 0.002425
03:33:16.35 -27:47:25.05 0.001494 0.00214 0.002235 0.001024 0.001087 0.001083
03:32:10.93 -27:44:15.07 0.001566 0.000936 0.002192 0.00235 0.0012 0.000515
03:32:00.85 -27:35:56.91 0.001042 0.000243 0.002192 0.001641 0.000357 0.000319
03:33:16.12 -27:27:46.20 0.000663 0.000228 0.004931 0.000214 0.000774 0.000803
03:33:08.18 -27:50:33.23 0.000625 0.001309 0.00162 0.001522 0.00299 0.000262
03:31:49.89 -27:48:38.76 0.000553 0.000339 0.002849 0.001545 0.000928 0.000779
03:33:58.31 -27:48:48.70 0.000539 0.00131 0.002848 0.000563 0.000784 0.00186
03:32:08.68 -27:47:34.33 0.000514 0.000504 0.000247 0.000408 0.000225 0.000837
03:32:13.09 -27:43:50.92 0.000537 0.000337 0.000284 0.0007 0.000354 0.00032
03:33:55.41 -27:37:08.48 0.000506 0.000468 0.001097 0.001225 0.000234 0.000297
03:32:19.77 -27:54:01.42 0.000434 0.000506 0.00135 0.000727 0.000775 0.000608
03:32:17.06 -27:58:46.44 0.000383 0.000813 0.000705 0.000619 0.000317 0.000748
03:32:18.52 -27:54:11.92 0.000407 0.000572 0.001743 0.000523 "" 0.001231
03:33:41.32 -27:38:09.01 0.00039 0.00044 0.000471 0.000402 "" 0.000389
03:34:05.72 -27:46:34.64 0.000382 0.000969 0.000469 0.000214 "" 0.001054
03:33:34.60 -27:47:51.51 0.000368 0.00052 0.000462 0.000367 "" 0.000316
03:34:09.96 -27:52:13.38 0.000351 0.001381 0.000811 0.000193 "" 0.000613
03:33:21.32 -27:41:38.87 0.000347 0.000314 0.000351 "" "" ""
03:32:19.15 -27:54:07.72 0.000349 0.000454 0.000245 "" "" ""
03:33:16.73 -27:56:30.48 0.000307 0.000848 0.000816 "" "" ""
03:33:14.99 -27:51:51.41 0.000286 0.000475 0.000447 "" "" ""
03:32:56.47 -27:58:48.44 0.00032 0.000788 0.000309 "" "" ""
03:33:33.44 -27:53:32.67 0.000259 0.000782 0.000799 "" "" ""
03:33:11.80 -27:41:38.94 0.000257 0.00028 0.000435 "" "" ""
"" "" "" "" 0.000356 "" "" ""
